10110000000000000000000000000000
01000000000000000000000000000110
01001000010000100000000000000000
01001000010001000000000000000000
10011000000000100000000000000000
10111111110000100000000000001101
01001001000010000000000000000000
00001000000010000000000000111000
01010001000010000000000000000000
01001000010010100000000000000000
00001000000010100000000001001110
01010000010010100000000000000000
01001000010011000000000000000000
01001001000011100000000000000000
10001001100011101000000000000000
10100010000000000000000000000101
01001001000100100000000000000000
00001111111111100000000000000001
01000000000000000000000000000010
00011111111111100000000000000001
01000000000000000000000000011010
01001000010101100000000000000000
00001111111111100000000000000001
01000000000000000000000000000010
00011111111111100000000000000001
01000000000000000000000000011010
10110000000000000000000000000000
10000000000000000000000000000000